3.684453776264717817e-01 9.718772822338447526e+00 2.999999999999999889e-01
1.302231416324879376e+00 9.529230255426584861e+00 2.999999999999999889e-01
1.684066649009858807e+00 1.018233510566082245e+01 2.999999999999999889e-01
1.720438056396673687e+00 9.847827816290431358e+00 2.999999999999999889e-01
2.363389775300781537e+00 9.692079762704166157e+00 2.999999999999999889e-01
2.605047591630742509e+00 1.069641416602984485e+01 2.999999999999999889e-01
3.687666919261949339e+00 1.020756762104731763e+01 2.999999999999999889e-01
4.181797113699925461e+00 1.029777755709914544e+01 2.999999999999999889e-01
5.470722929519897804e+00 1.070778363353207396e+01 2.999999999999999889e-01
5.499870817720640126e+00 9.537383950599265248e+00 2.999999999999999889e-01
5.614876891865021591e+00 1.035980633881244728e+01 2.999999999999999889e-01
6.977325087644281609e+00 1.049930077993557198e+01 2.999999999999999889e-01
7.642614934429148299e+00 9.788157502612182981e+00 2.999999999999999889e-01
7.761088308889019238e+00 9.763676495413243117e+00 2.999999999999999889e-01
8.057582466171520963e+00 1.026759871772354771e+01 2.999999999999999889e-01
8.829258100469790094e+00 1.004584739831174822e+01 2.999999999999999889e-01
1.001254173586875496e+01 9.769780800201145254e+00 2.999999999999999889e-01
1.005887265800705421e+01 9.896477001276673846e+00 2.999999999999999889e-01
1.175913899531137119e+01 9.808246660924041294e+00 2.999999999999999889e-01
1.217663037477054644e+01 1.028994196254653026e+01 2.999999999999999889e-01
1.234316058914643932e+01 1.028963255554224787e+01 2.999999999999999889e-01
1.308495154075481537e+01 1.000537536344596568e+01 2.999999999999999889e-01
1.328661935345873601e+01 1.015474459481291269e+01 2.999999999999999889e-01
1.383955763133398875e+01 1.033695131338351025e+01 2.999999999999999889e-01
1.408047298562688709e+01 9.596915352173599700e+00 2.999999999999999889e-01
1.448379289784857527e+01 9.741107908738390719e+00 2.999999999999999889e-01
1.502150144064874127e+01 9.820636663864572569e+00 2.999999999999999889e-01
1.567238323992132365e+01 1.064821183634471780e+01 2.999999999999999889e-01
1.567415591319089785e+01 1.028226469449984393e+01 2.999999999999999889e-01
1.604469599221947362e+01 1.003037862227665222e+01 2.999999999999999889e-01
1.662806489500454887e+01 1.010240765488295978e+01 2.999999999999999889e-01
1.700243394033977395e+01 1.007208951492656723e+01 2.999999999999999889e-01
1.817469136697170740e+01 1.022159684505118804e+01 2.999999999999999889e-01
1.817542843326365443e+01 9.353384435573566691e+00 2.999999999999999889e-01
1.843439863738441886e+01 1.013288987828858900e+01 2.999999999999999889e-01
1.859003332663544228e+01 1.013459407779680355e+01 2.999999999999999889e-01
1.937987392015872246e+01 9.700843065884406258e+00 2.999999999999999889e-01
1.967808698886141272e+01 9.819835540385781769e+00 2.999999999999999889e-01
2.064549305987765848e+01 1.304889509520810797e+01 2.999999999999999889e-01
2.422060364813093258e+01 1.184870493028854099e+01 2.999999999999999889e-01
2.440824410735404015e+01 1.118499970788987419e+01 2.999999999999999889e-01
2.469826818817375980e+01 1.194026704692397800e+01 2.999999999999999889e-01
2.522228662983099667e+01 1.164427372958846085e+01 2.999999999999999889e-01
2.596209250621985021e+01 1.085546537548732182e+01 2.999999999999999889e-01
2.614284600765758171e+01 1.117220384997613181e+01 2.999999999999999889e-01
2.659958933637170020e+01 1.141258196902171740e+01 2.999999999999999889e-01
2.665246159736218345e+01 1.100639004661587173e+01 2.999999999999999889e-01
2.694422867668830790e+01 1.115345257168933024e+01 2.999999999999999889e-01
2.786303369046371614e+01 1.122035157916953274e+01 2.999999999999999889e-01
2.820962605206748464e+01 1.061500283144851586e+01 2.999999999999999889e-01
2.828127083796599806e+01 1.088752268422647695e+01 2.999999999999999889e-01
2.923420008082748467e+01 1.094093164194282686e+01 2.999999999999999889e-01
2.947342974928940507e+01 1.061752246783664866e+01 2.999999999999999889e-01
2.948590816716811958e+01 1.110968802892816143e+01 2.999999999999999889e-01
2.976409744173768956e+01 1.041233464547817533e+01 2.999999999999999889e-01
3.012408293890072031e+01 1.025190527987479783e+01 2.999999999999999889e-01
3.056096658065495930e+01 1.037297516366733419e+01 2.999999999999999889e-01
3.215294431028497257e+01 1.036812689465757664e+01 2.999999999999999889e-01
3.259929193255827329e+01 1.022334011624057659e+01 2.999999999999999889e-01
3.269354599742490564e+01 1.038576585613995640e+01 2.999999999999999889e-01
3.403288739187902934e+01 1.023949400208078586e+01 2.999999999999999889e-01
3.414054228676216951e+01 9.789316956010665649e+00 2.999999999999999889e-01
3.567636924519352704e+01 9.821631852523042383e+00 2.999999999999999889e-01
3.677875203755553457e+01 1.008356696407722097e+01 2.999999999999999889e-01
3.719746863497655909e+01 1.039659182440460228e+01 2.999999999999999889e-01
3.877021666721175563e+01 1.024065419194477400e+01 2.999999999999999889e-01
3.896741807895401166e+01 9.777964339290644347e+00 2.999999999999999889e-01
3.896868815855751222e+01 1.015475114996262995e+01 2.999999999999999889e-01
3.941224226593695334e+01 1.008662220738484017e+01 2.999999999999999889e-01
3.945982024259751597e+01 1.078738094378062762e+01 2.999999999999999889e-01
4.176100748052792255e+01 1.025644305867809081e+01 2.999999999999999889e-01
4.204337105236283634e+01 9.253452175668744673e+00 2.999999999999999889e-01
4.284640397976900772e+01 9.870073359811602387e+00 2.999999999999999889e-01
4.298526708290017240e+01 9.772871586337014804e+00 2.999999999999999889e-01
4.308253730868685949e+01 9.719813794669551754e+00 2.999999999999999889e-01
4.308752704761698027e+01 1.000034275043680942e+01 2.999999999999999889e-01
4.332944734613305116e+01 1.011902357832862798e+01 2.999999999999999889e-01
4.359538572379902632e+01 1.006499976166996646e+01 2.999999999999999889e-01
4.373350112816448387e+01 1.000896375923321102e+01 2.999999999999999889e-01
4.454066893746654898e+01 1.004953053766251969e+01 2.999999999999999889e-01
4.510177909687443787e+01 1.018977233424937623e+01 2.999999999999999889e-01
4.566648634709891041e+01 9.857300844223102487e+00 2.999999999999999889e-01
4.663736920071632142e+01 1.034498623453585076e+01 2.999999999999999889e-01
4.744813951616392700e+01 9.935338644772336636e+00 2.999999999999999889e-01
4.757766784001002947e+01 9.998815709289409881e+00 2.999999999999999889e-01
4.809129459665727779e+01 1.032109781711063157e+01 2.999999999999999889e-01
4.819594772397145022e+01 1.011000769625941764e+01 2.999999999999999889e-01
4.900545230442502742e+01 1.036197958053556079e+01 2.999999999999999889e-01
5.130488647971941418e+01 9.602114542516122953e+00 2.999999999999999889e-01
5.138393408330872347e+01 9.844725489848165978e+00 2.999999999999999889e-01
5.402677475227597625e+01 1.005010649205881279e+01 2.999999999999999889e-01
5.418986717091814853e+01 1.015001476810063430e+01 2.999999999999999889e-01
5.595154390817975099e+01 9.421273098633342613e+00 2.999999999999999889e-01
5.606936313622966139e+01 9.776654844871568883e+00 2.999999999999999889e-01
5.727641965018876391e+01 9.920326051959809988e+00 2.999999999999999889e-01
5.738943838784281581e+01 1.041917528901327827e+01 2.999999999999999889e-01
5.829616324835330232e+01 1.003454779974552658e+01 2.999999999999999889e-01
5.852581812233731284e+01 1.011322703340617046e+01 2.999999999999999889e-01
5.951367727164070942e+01 9.547291469459514346e+00 2.999999999999999889e-01
6.049885701028757268e+01 1.470980718394328690e+01 2.999999999999999889e-01
6.056312129227563190e+01 1.486301590097538394e+01 2.999999999999999889e-01
6.101623029008888466e+01 1.476666737032028109e+01 2.999999999999999889e-01
6.124617030879976198e+01 1.471113913891735869e+01 2.999999999999999889e-01
6.143531467975248006e+01 1.473903821040626383e+01 2.999999999999999889e-01
6.275665902850547440e+01 1.367926683700392054e+01 2.999999999999999889e-01
6.385813873325186307e+01 1.314736839810526803e+01 2.999999999999999889e-01
6.392605394156780818e+01 1.331043511978517024e+01 2.999999999999999889e-01
6.496519248680041869e+01 1.349655161727005925e+01 2.999999999999999889e-01
6.538430685680195609e+01 1.256230288685532415e+01 2.999999999999999889e-01
6.578247670392876501e+01 1.307463187496190216e+01 2.999999999999999889e-01
6.593035043491286729e+01 1.302650565091976098e+01 2.999999999999999889e-01
6.667500021152024203e+01 1.238509538961399592e+01 2.999999999999999889e-01
6.694478510424259809e+01 1.268791982678455987e+01 2.999999999999999889e-01
6.726217563402305188e+01 1.275004453954300487e+01 2.999999999999999889e-01
6.788625495633903029e+01 1.193580079096077640e+01 2.999999999999999889e-01
6.802091213744110121e+01 1.169546899630170955e+01 2.999999999999999889e-01
6.825727165208218139e+01 1.195669237209375346e+01 2.999999999999999889e-01
6.865544964031801101e+01 1.199690459214688865e+01 2.999999999999999889e-01
6.885132448465077459e+01 1.219836731271262842e+01 2.999999999999999889e-01
6.933226783891613820e+01 1.206879131331656829e+01 2.999999999999999889e-01
6.941424805456776426e+01 1.266992176941050552e+01 2.999999999999999889e-01
7.120749740440129472e+01 1.128656742766424870e+01 2.999999999999999889e-01
7.149763282386425089e+01 1.175927219652090194e+01 2.999999999999999889e-01
7.183353131104020406e+01 1.194828717711236798e+01 2.999999999999999889e-01
7.196790564211114827e+01 1.136689198996866246e+01 2.999999999999999889e-01
7.299791786629162971e+01 1.157157868758769581e+01 2.999999999999999889e-01
7.458952761049182811e+01 1.104114840621896043e+01 2.999999999999999889e-01
7.493922009864175493e+01 1.084922174866717803e+01 2.999999999999999889e-01
7.604775766964667127e+01 1.070184414995013000e+01 2.999999999999999889e-01
7.614425294417866041e+01 1.090742256694069212e+01 2.999999999999999889e-01
7.653584916042056818e+01 1.052705131267609495e+01 2.999999999999999889e-01
7.659801154016238911e+01 1.087454828285827801e+01 2.999999999999999889e-01
7.755483128535266246e+01 1.080036359483080943e+01 2.999999999999999889e-01
7.876005503029648480e+01 1.064682703918133910e+01 2.999999999999999889e-01
7.889220582221047096e+01 1.048122370836263961e+01 2.999999999999999889e-01
7.965786579087398422e+01 1.108297069815746561e+01 2.999999999999999889e-01
8.066060971866464513e+01 1.041942452797441554e+01 2.999999999999999889e-01
8.350225533990297322e+01 1.010395952812689480e+01 2.999999999999999889e-01
8.366477743420450963e+01 1.087551677037017939e+01 2.999999999999999889e-01
8.513783155709695905e+01 1.026368316857154461e+01 2.999999999999999889e-01
8.515450900384311694e+01 1.013680842014305483e+01 2.999999999999999889e-01
8.702585255118184193e+01 1.044654276838470786e+01 2.999999999999999889e-01
8.713839947171338451e+01 1.036010360367333760e+01 2.999999999999999889e-01
8.744632016202537272e+01 1.065804437983436159e+01 2.999999999999999889e-01
8.762763843876444980e+01 1.059732040122920971e+01 2.999999999999999889e-01
8.885263584524604141e+01 1.012632957685721991e+01 2.999999999999999889e-01
8.994570656891835370e+01 1.013215816688888715e+01 2.999999999999999889e-01
9.071217751950254637e+01 1.007133691241434903e+01 2.999999999999999889e-01
9.117577068388239070e+01 1.011234990429812264e+01 2.999999999999999889e-01
9.129296400472482276e+01 1.008847664544198253e+01 2.999999999999999889e-01
9.130235321560107309e+01 1.023338533904831671e+01 2.999999999999999889e-01
9.213508626125671697e+01 1.015586144228033838e+01 2.999999999999999889e-01
9.286059238039275954e+01 1.061550862113968563e+01 2.999999999999999889e-01
9.313659322797226991e+01 1.006834778944753950e+01 2.999999999999999889e-01
9.432426987139346863e+01 1.016854841509692520e+01 2.999999999999999889e-01
9.433395896377631118e+01 9.932355064425918201e+00 2.999999999999999889e-01
9.451535068384694682e+01 9.931206773119189535e+00 2.999999999999999889e-01
9.489384360663981965e+01 9.799491341525113697e+00 2.999999999999999889e-01
9.644834326603846364e+01 9.930991192853642957e+00 2.999999999999999889e-01
9.673997845101727933e+01 1.063878739423639175e+01 2.999999999999999889e-01
9.745316969327028289e+01 1.018876430639315345e+01 2.999999999999999889e-01
9.784127098709946324e+01 9.797165095543070024e+00 2.999999999999999889e-01
9.914247212946368393e+01 9.994094889134776949e+00 2.999999999999999889e-01
9.916696178814316909e+01 1.066276861339796334e+01 2.999999999999999889e-01
9.931186736454731090e+01 9.527125217422678816e+00 2.999999999999999889e-01
9.975604365266681839e+01 1.031276482982774212e+01 2.999999999999999889e-01
9.982867740504472920e+01 9.627313754568005422e+00 2.999999999999999889e-01
1.001625399415762416e+02 1.029851848608297260e+01 2.999999999999999889e-01
1.008355082906937952e+02 1.046410341296827795e+01 2.999999999999999889e-01
1.011828325534677049e+02 9.946185443534456994e+00 2.999999999999999889e-01
1.011870980330560599e+02 1.057501398797203329e+01 2.999999999999999889e-01
1.017162359407424930e+02 9.583132788888621079e+00 2.999999999999999889e-01
1.023117365731608004e+02 1.010615622862702878e+01 2.999999999999999889e-01
1.023512757072721797e+02 9.863213372147285440e+00 2.999999999999999889e-01
1.023724965902338795e+02 9.719466741993910475e+00 2.999999999999999889e-01
1.038506836421185966e+02 1.021941907916197678e+01 2.999999999999999889e-01
1.056220081599392842e+02 1.013318291640234570e+01 2.999999999999999889e-01
1.058226132524377476e+02 1.044897320123827456e+01 2.999999999999999889e-01
1.073972348173860070e+02 9.702897007153529430e+00 2.999999999999999889e-01
1.077250989831742345e+02 1.055162213136084404e+01 2.999999999999999889e-01
1.085574922501310908e+02 9.637522468188526759e+00 2.999999999999999889e-01
1.091029652311646601e+02 1.039893734181062257e+01 2.999999999999999889e-01
1.101832885821359866e+02 1.000154076626823496e+01 2.999999999999999889e-01
1.103148075514291406e+02 9.949197752615235757e+00 2.999999999999999889e-01
1.106764722762161597e+02 9.940310762090886598e+00 2.999999999999999889e-01
1.111238170740897147e+02 9.922869860186841251e+00 2.999999999999999889e-01
1.118728279716380598e+02 1.008120808039372740e+01 2.999999999999999889e-01
1.136420101210701148e+02 1.015554354879412635e+01 2.999999999999999889e-01
1.145503008993941023e+02 1.008388494454611184e+01 2.999999999999999889e-01
1.146772674947989117e+02 9.668358580698622973e+00 2.999999999999999889e-01
1.153352700235792696e+02 1.029252723016536741e+01 2.999999999999999889e-01
1.154204704518815845e+02 9.953241810983390891e+00 2.999999999999999889e-01
1.158039037059179748e+02 1.059761495904323780e+01 2.999999999999999889e-01
1.159820217960832878e+02 9.286204111052642318e+00 2.999999999999999889e-01
1.173557417735470381e+02 9.385239774949987179e+00 2.999999999999999889e-01
1.181741300958192085e+02 1.003729076515167407e+01 2.999999999999999889e-01
1.183362212064070036e+02 1.020898473239143556e+01 2.999999999999999889e-01
1.190391425522254849e+02 1.031119706113610413e+01 2.999999999999999889e-01
1.193764482813927401e+02 9.909920179629937209e+00 2.999999999999999889e-01
1.196365917841797426e+02 9.446880078337299480e+00 2.999999999999999889e-01
